1014 25902
3283 6868
22887 23293
4164 22887
12406 18543
9639 25359
8727 12507
3096 23967
2404 14709
14540 21012
3858 23161
1293 18000
23674 24706
13164 20774
19423 21281
6340 17807
5078 10346
3372 12851
2952 21847
2952 17655
13482 22901
2741 4511
272 2912
9025 21824
2980 22457
19423 20108
12851 20108
1116 6305
9656 18453
8072 25289
3386 25442
12710 20574
5695 14403
624 2654
16654 21178
17286 17443
832 3387
17655 24955
14807 19961
3409 11148
5812 16976
8879 20562
9207 12654
19961 24955
6411 22369
16654 19114
3618 21798
3820 6456
2952 12781
10477 20780
3651 19463
7023 13404
3096 18286
6222 7650
14870 20316
2980 6774
14542 22793
1023 15805
6675 25439
2741 11241
7956 11472
5065 15714
12135 24765
13619 18585
914 1493
5131 6456
4513 20108
7204 25354
15933 19645
3534 4639
7726 14870
12365 12851
339 20511
6830 22887
4673 10211
6907 8072
2774 20250
12938 13364
22903 23674
15695 21309
9249 20250
13096 13142
10041 12781
7956 10041
10310 13056
4550 25006
5555 9572
9017 20000
4164 16594
4273 6264
14430 18540
2846 9572
4241 19297
12722 24330
8369 16888
23628 25053
11328 16324
16651 19378
14093 22899
4472 6094